140299761704677 140299761704680
140299761717360 140299761717363
140299761717380 140299761717383
140299761704685 140299761704690
140299761716311 140299761716320
140299761704702 140299761704707
140299761704720 140299761704255
140299761704278 140299761704282
140299761704286 140299761704289
140299761704319 140299761704324
140299761704341 140299761704344
140299761696451 140299761696453
140299761696474 140299761696479
140299761696485 140299761696490
140299761696521 140299761696525
140299761696541 140299761696545
140299761704354 140299761704362
140299761704371 140299761704379
140299745938679 140299745938514
140299745938640 140299745938647
140299761704677 140299761704680
140299761717360 140299761717363
140299761717380 140299761717383
140299761704685 140299761704690
140299761716311 140299761716320
140299761704702 140299761704707
140299761704720 140299761704255
140299761704278 140299761704282
140299761704286 140299761704289
140299761704319 140299761704324
140299761704341 140299761704344
140299761696451 140299761696453
140299761696474 140299761696479
140299761696485 140299761696490
140299761696521 140299761696525
140299761696541 140299761696545
140299761704354 140299761704362
140299761704371 140299761704379
140299745938679 140299745938514
140299745938640 140299745938647
140299761704677 140299761704680
140299761717360 140299761717363
140299761717380 140299761717383
140299761704685 140299761704690
140299761716311 140299761716320
140299761704702 140299761704707
140299761704720 140299761704255
140299761704278 140299761704282
140299761704286 140299761704289
140299761704319 140299761704324
140299761704341 140299761704344
140299761696451 140299761696453
140299761696474 140299761696479
140299761696485 140299761696490
140299761696521 140299761696525
140299761696541 140299761696545
140299761704354 140299761704362
140299761704371 140299761704379
140299745938679 140299745938514
140299745938640 140299745938647
140299761704677 140299761704680
140299761717360 140299761717363
140299761717380 140299761717383
140299761704685 140299761704690
140299761716311 140299761716320
140299761704702 140299761704707
140299761704720 140299761704255
140299761704278 140299761704282
140299761704286 140299761704289
140299761704319 140299761704324
140299761704341 140299761704344
140299761696451 140299761696453
140299761696474 140299761696479
140299761696485 140299761696490
140299761696521 140299761696525
140299761696541 140299761696545
140299761704354 140299761704362
140299761704371 140299761704379
140299745938679 140299745938514
140299745938640 140299745938647
140299761704677 140299761704680
140299761717360 140299761717363
140299761717380 140299761717383
140299761704685 140299761704690
140299761716311 140299761716320
140299761704702 140299761704707
140299761704720 140299761704255
140299761704278 140299761704282
140299761704286 140299761704289
140299761704319 140299761704324
140299761704341 140299761704344
140299761696451 140299761696453
140299761696474 140299761696479
140299761696485 140299761696490
140299761696521 140299761696525
140299761696541 140299761696545
140299761704354 140299761704362
140299761704371 140299761704379
140299745938679 140299745938514
140299745938640 140299745938647
140299761704677 140299761704680
140299761717360 140299761717363
140299761717380 140299761717383
140299761704685 140299761704690
140299761716311 140299761716320
140299761704702 140299761704707
140299761704720 140299761704255
140299761704278 140299761704282
140299761704286 140299761704289
140299761704319 140299761704324
140299761704341 140299761704344
140299761696451 140299761696453
140299761696474 140299761696479
140299761696485 140299761696490
140299761696521 140299761696525
140299761696541 140299761696545
140299761704354 140299761704362
140299761704371 140299761704379
140299745938679 140299745938514
140299745938640 140299745938647
140299761704677 140299761704680
140299761717360 140299761717363
140299761717380 140299761717383
140299761704685 140299761704690
140299761716311 140299761716320
140299761704702 140299761704707
140299761704720 140299761704255
140299761704278 140299761704282
140299761704286 140299761704289
140299761704319 140299761704324
140299761704341 140299761704344
140299761696451 140299761696453
140299761696474 140299761696479
140299761696485 140299761696490
140299761696521 140299761696525
140299761696541 140299761696545
140299761704354 140299761704362
140299761704371 140299761704379
140299745938679 140299745938514
140299745938640 140299745938647
140299761704677 140299761704680
140299761717360 140299761717363
140299761717380 140299761717383
140299761704685 140299761704690
140299761716311 140299761716320
140299761704702 140299761704707
140299761704720 140299761704255
140299761704278 140299761704282
140299761704286 140299761704289
140299761704319 140299761704324
140299761704341 140299761704344
140299761696451 140299761696453
140299761696474 140299761696479
140299761696485 140299761696490
140299761696521 140299761696525
140299761696541 140299761696545
140299761704354 140299761704362
140299761704371 140299761704379
140299745938679 140299745938514
140299745938640 140299745938647
140299761704677 140299761704680
140299761717360 140299761717363
140299761717380 140299761717383
140299761704685 140299761704690
140299761716311 140299761716320
140299761704702 140299761704707
140299761704720 140299761704255
140299761704278 140299761704282
140299761704286 140299761704289
140299761704319 140299761704324
140299761704341 140299761704344
140299761696451 140299761696453
140299761696474 140299761696479
140299761696485 140299761696490
140299761696521 140299761696525
140299761696541 140299761696545
140299761704354 140299761704362
140299761704371 140299761704379
140299745938679 140299745938514
140299745938640 140299745938647
140299761704677 140299761704680
140299761717360 140299761717363
140299761717380 140299761717383
140299761704685 140299761704690
140299761716311 140299761716320
140299761704702 140299761704707
140299761704720 140299761704255
140299761704278 140299761704282
140299761704286 140299761704289
140299761704319 140299761704324
140299761704341 140299761704344
140299761696451 140299761696453
140299761696474 140299761696479
140299761696485 140299761696490
140299761696521 140299761696525
140299761696541 140299761696545
140299761704354 140299761704362
140299761704371 140299761704379
140299745938679 140299745938514
140299745938640 140299745938647
140299761704677 140299761704680
140299761717360 140299761717363
140299761717380 140299761717383
140299761704685 140299761704690
140299761716311 140299761716320
140299761704702 140299761704707
140299761704720 140299761704255
140299761704278 140299761704282
140299761704286 140299761704289
140299761704319 140299761704324
140299761704341 140299761704344
140299761696451 140299761696453
140299761696474 140299761696479
140299761696485 140299761696490
140299761696521 140299761696525
140299761696541 140299761696545
140299761704354 140299761704362
140299761704371 140299761704379
140299745938679 140299745938514
140299745938640 140299745938647
140299761704677 140299761704680
140299761717360 140299761717363
140299761717380 140299761717383
140299761704685 140299761704690
140299761716311 140299761716320
140299761704702 140299761704707
140299761704720 140299761704255
140299761704278 140299761704282
140299761704286 140299761704289
140299761704319 140299761704324
140299761704341 140299761704344
140299761696451 140299761696453
140299761696474 140299761696479
140299761696485 140299761696490
140299761696521 140299761696525
140299761696541 140299761696545
140299761704354 140299761704362
140299761704371 140299761704379
140299745938679 140299745938514
140299745938640 140299745938647
